2001
2016
2010
2014
2012
2002
2005
2005
2001
2004
2015
2009
2012
2013
2001
2016
2011
2015
2001
2002
2016
2007
2007
2004
2016
2014
2006
2011
2001
2009
2013
2010
2006
2010
2015
2009
2004
2012
2011
2013
2007
2011
2004
2006
2005
2015
2005
2004
2005
2015
2008
2016
2003
2012
2014
2013
2007
2013
2009
2004
2011
2002
2015
2010
2014
2002
2012
2012
2011
2006
2004
2013
2008
2009
2011
2014
2008
2005
2008
2013
2011
2013
2012
2010
2002
2016
2010
2007
2006
2010
2006
2010
2008
2005
2013
2010
2011
2008
2006
2012
2012
2008
2006
2012
2009
2005
2013
2012
2012
2004
2012
2009
2003
2003
2003
2003
2010
2004
2007
2010
2013
2005
2009
2003
2011
2013
2002
2006
2003
2014
2009
2008
2001
2016
2004
2006
2014
2008
2002
2011
2015
2002
2011
2004
2014
2013
2009
2013
2006
2001
2009
2005
2002
2007
2004
2011
2016
2013
2013
2015
2010
2007
2016
2014
2011
2011
2006
2006
2005
2010
2004
2011
2005
2009
2016
2013
2004
2011
2009
2002
2007
2007
2005
2006
2002
2007
2010
2006
2005
2004
2002
2011
2004
2005
2015
2010
2016
2011
2006
2015
2002
2003
2003
2014
2015
2002
2004
2002
2006
2009
2010
2008
2009
2008
2011
2006
2007
2004
2001
2007
2001
2008
2010
2006
2008
2011
2007
2002
2016
2011
2007
2001
